61 65 68 66 400 404 407 405 
55 67 68 65 394 406 407 404 
60 66 68 67 399 405 407 406 
1 69 72 70 340 408 411 409 
6 71 72 69 345 410 411 408 
5 70 72 71 344 409 411 410 
64 73 76 74 403 412 415 413 
54 75 76 73 393 414 415 412 
56 74 76 75 395 413 415 414 
64 77 80 78 403 416 419 417 
63 79 80 77 402 418 419 416 
57 78 80 79 396 417 419 418 
61 81 83 65 400 420 422 404 
58 82 83 81 397 421 422 420 
55 65 83 82 394 404 422 421 
47 84 87 85 386 423 426 424 
57 86 87 84 396 425 426 423 
60 85 87 86 399 424 426 425 
19 88 91 89 358 427 430 428 
27 90 91 88 366 429 430 427 
17 89 91 90 356 428 430 429 
41 92 95 93 380 431 434 432 
37 94 95 92 376 433 434 431 
34 93 95 94 373 432 434 433 
49 96 99 97 388 435 438 436 
51 98 99 96 390 437 438 435 
44 97 99 98 383 436 438 437 
39 100 103 101 378 439 442 440 
40 102 103 100 379 441 442 439 
46 101 103 102 385 440 442 441 
39 104 107 105 378 443 446 444 
29 106 107 104 368 445 446 443 
32 105 107 106 371 444 446 445 
55 108 111 109 394 447 450 448 
52 110 111 108 391 449 450 447 
45 109 111 110 384 448 450 449 
17 90 114 112 356 429 453 451 
27 113 114 90 366 452 453 429 
22 112 114 113 361 451 453 452 
32 115 118 116 371 454 457 455 
30 117 118 115 369 456 457 454 
37 116 118 117 376 455 457 456 
32 119 120 105 371 458 459 444 
40 100 120 119 379 439 459 458 
39 105 120 100 378 444 459 439 
57 84 123 121 396 423 462 460 
47 122 123 84 386 461 462 423 
48 121 123 122 387 460 462 461 
57 124 125 78 396 463 464 417 
54 73 125 124 393 412 464 463 
64 78 125 73 403 417 464 412 
45 126 128 127 384 465 467 466 
46 102 128 126 385 441 467 465 
40 127 128 102 379 466 467 441 
55 82 130 108 394 421 469 447 
58 129 130 82 397 468 469 421 
52 108 130 129 391 447 469 468 
52 129 133 131 391 468 472 470 
58 132 133 129 397 471 472 468 
50 131 133 132 389 470 472 471 
28 134 137 135 367 473 476 474 
38 136 137 134 377 475 476 473 
36 135 137 136 375 474 476 475 
59 138 141 139 398 477 480 478 
62 140 141 138 401 479 480 477 
56 139 141 140 395 478 480 479 
53 142 145 143 392 481 484 482 
54 144 145 142 393 483 484 481 
48 143 145 144 387 482 484 483 
56 140 147 74 395 479 486 413 
62 146 147 140 401 485 486 479 
64 74 147 146 403 413 486 485 
54 142 149 75 393 481 488 414 
53 148 149 142 392 487 488 481 
56 75 149 148 395 414 488 487 
56 148 151 139 395 487 490 478 
53 150 151 148 392 489 490 487 
59 139 151 150 398 478 490 489 
46 152 154 101 385 491 493 440 
50 153 154 152 389 492 493 491 
39 101 154 153 378 440 493 492 
40 155 157 127 379 494 496 466 
37 156 157 155 376 495 496 494 
45 127 157 156 384 466 496 495 
52 131 159 158 391 470 498 497 
50 152 159 131 389 491 498 470 
46 158 159 152 385 497 498 491 
15 160 163 161 354 499 502 500 
8 162 163 160 347 501 502 499 
17 161 163 162 356 500 502 501 
8 164 167 165 347 503 506 504 
4 166 167 164 343 505 506 503 
10 165 167 166 349 504 506 505 
10 168 169 165 349 507 508 504 
17 162 169 168 356 501 508 507 
8 165 169 162 347 504 508 501 
4 170 173 171 343 509 512 510 
2 172 173 170 341 511 512 509 
9 171 173 172 348 510 512 511 
13 174 177 175 352 513 516 514 
9 176 177 174 348 515 516 513 
5 175 177 176 344 514 516 515 
1 178 180 69 340 517 519 408 
3 179 180 178 342 518 519 517 
6 69 180 179 345 408 519 518 
3 181 184 182 342 520 523 521 
7 183 184 181 346 522 523 520 
12 182 184 183 351 521 523 522 
11 185 188 186 350 524 527 525 
13 187 188 185 352 526 527 524 
6 186 188 187 345 525 527 526 
11 186 190 189 350 525 529 528 
6 179 190 186 345 518 529 525 
3 189 190 179 342 528 529 518 
7 191 194 192 346 530 533 531 
14 193 194 191 353 532 533 530 
20 192 194 193 359 531 533 532 
25 195 198 196 364 534 537 535 
33 197 198 195 372 536 537 534 
34 196 198 197 373 535 537 536 
48 199 201 143 387 538 540 482 
43 200 201 199 382 539 540 538 
53 143 201 200 392 482 540 539 
48 144 202 121 387 483 541 460 
54 124 202 144 393 463 541 483 
57 121 202 124 396 460 541 463 
33 195 205 203 372 534 544 542 
25 204 205 195 364 543 544 534 
21 203 205 204 360 542 544 543 
13 185 208 206 352 524 547 545 
11 207 208 185 350 546 547 524 
18 206 208 207 357 545 547 546 
31 209 212 210 370 548 551 549 
43 211 212 209 382 550 551 548 
35 210 212 211 374 549 551 550 
37 155 213 116 376 494 552 455 
40 119 213 155 379 458 552 494 
32 116 213 119 371 455 552 458 
57 79 215 86 396 418 554 425 
63 214 215 79 402 553 554 418 
60 86 215 214 399 425 554 553 
60 214 217 66 399 553 556 405 
63 216 217 214 402 555 556 553 
61 66 217 216 400 405 556 555 
60 67 219 85 399 406 558 424 
55 218 219 67 394 557 558 406 
47 85 219 218 386 424 558 557 
36 136 222 220 375 475 561 559 
38 221 222 136 377 560 561 475 
49 220 222 221 388 559 561 560 
43 209 225 223 382 548 564 562 
31 224 225 209 370 563 564 548 
36 223 225 224 375 562 564 563 
36 224 227 135 375 563 566 474 
31 226 227 224 370 565 566 563 
28 135 227 226 367 474 566 565 
33 228 231 229 372 567 570 568 
26 230 231 228 365 569 570 567 
35 229 231 230 374 568 570 569 
43 199 234 232 382 538 573 571 
48 233 234 199 387 572 573 538 
42 232 234 233 381 571 573 572 
48 122 237 235 387 461 576 574 
47 236 237 122 386 575 576 461 
41 235 237 236 380 574 576 575 
9 174 240 238 348 513 579 577 
13 239 240 174 352 578 579 513 
16 238 240 239 355 577 579 578 
9 241 242 171 348 580 581 510 
10 166 242 241 349 505 581 580 
4 171 242 166 343 510 581 505 
20 193 245 243 359 532 584 582 
14 244 245 193 353 583 584 532 
24 243 245 244 363 582 584 583 
51 96 248 246 390 435 587 585 
49 247 248 96 388 586 587 435 
59 246 248 247 398 585 587 586 
51 246 250 249 390 585 589 588 
59 150 250 246 398 489 589 585 
53 249 250 150 392 588 589 489 
53 200 253 251 392 539 592 590 
43 252 253 200 382 591 592 539 
44 251 253 252 383 590 592 591 
24 254 256 243 363 593 595 582 
31 255 256 254 370 594 595 593 
20 243 256 255 359 582 595 594 
14 257 259 244 353 596 598 583 
28 258 259 257 367 597 598 596 
24 244 259 258 363 583 598 597 
28 226 260 258 367 565 599 597 
31 254 260 226 370 593 599 565 
24 258 260 254 363 597 599 593 
35 230 263 261 374 569 602 600 
26 262 263 230 365 601 602 569 
23 261 263 262 362 600 602 601 
43 232 265 211 382 571 604 550 
42 264 265 232 381 603 604 571 
35 211 265 264 374 550 604 603 
35 264 267 229 374 603 606 568 
42 266 267 264 381 605 606 603 
33 229 267 266 372 568 606 605 
17 168 269 89 356 507 608 428 
10 268 269 168 349 607 608 507 
19 89 269 268 358 428 608 607 
30 115 272 270 369 454 611 609 
32 271 272 115 371 610 611 454 
27 270 272 271 366 609 611 610 
32 106 275 273 371 445 614 612 
29 274 275 106 368 613 614 445 
22 273 275 274 361 612 614 613 
16 276 277 238 355 615 616 577 
10 241 277 276 349 580 616 615 
9 238 277 241 348 577 616 580 
16 239 280 278 355 578 619 617 
13 279 280 239 352 618 619 578 
21 278 280 279 360 617 619 618 
25 281 284 282 364 620 623 621 
30 283 284 281 369 622 623 620 
19 282 284 283 358 621 623 622 
18 285 287 206 357 624 626 545 
26 286 287 285 365 625 626 624 
13 206 287 286 352 545 626 625 
18 207 290 288 357 546 629 627 
11 289 290 207 350 628 629 546 
12 288 290 289 351 627 629 628 
20 255 293 291 359 594 632 630 
31 292 293 255 370 631 632 594 
23 291 293 292 362 630 632 631 
19 283 294 88 358 622 633 427 
30 270 294 283 369 609 633 622 
27 88 294 270 366 427 633 609 
10 276 296 268 349 615 635 607 
16 295 296 276 355 634 635 615 
19 268 296 295 358 607 635 634 
19 295 298 282 358 634 637 621 
16 297 298 295 355 636 637 634 
25 282 298 297 364 621 637 636 
41 236 301 299 380 575 640 638 
47 300 301 236 386 639 640 575 
45 299 301 300 384 638 640 639 
33 266 304 302 372 605 643 641 
42 303 304 266 381 642 643 605 
41 302 304 303 380 641 643 642 
41 303 305 235 380 642 644 574 
42 233 305 303 381 572 644 642 
48 235 305 233 387 574 644 572 
37 117 307 94 376 456 646 433 
30 306 307 117 369 645 646 456 
34 94 307 306 373 433 646 645 
34 306 308 196 373 645 647 535 
30 281 308 306 369 620 647 645 
25 196 308 281 364 535 647 620 
34 197 309 93 373 536 648 432 
33 302 309 197 372 641 648 536 
41 93 309 302 380 432 648 641 
22 113 310 273 361 452 649 612 
27 271 310 113 366 610 649 452 
32 273 310 271 371 612 649 610 
29 311 313 274 368 650 652 613 
15 312 313 311 354 651 652 650 
22 274 313 312 361 613 652 651 
22 312 314 112 361 651 653 451 
15 161 314 312 354 500 653 651 
17 112 314 161 356 451 653 500 
21 204 315 278 360 543 654 617 
25 297 315 204 364 636 654 543 
16 278 315 297 355 617 654 636 
13 286 317 279 352 625 656 618 
26 316 317 286 365 655 656 625 
21 279 317 316 360 618 656 655 
21 316 318 203 360 655 657 542 
26 228 318 316 365 567 657 655 
33 203 318 228 372 542 657 567 
45 156 319 299 384 495 658 638 
37 92 319 156 376 431 658 495 
41 299 319 92 380 638 658 431 
45 300 320 109 384 639 659 448 
47 218 320 300 386 557 659 639 
55 109 320 218 394 448 659 557 
45 110 321 126 384 449 660 465 
52 158 321 110 391 497 660 449 
46 126 321 158 385 465 660 497 
9 172 323 176 348 511 662 515 
2 322 323 172 341 661 662 511 
5 176 323 322 344 515 662 661 
5 322 325 70 344 661 664 409 
2 324 325 322 341 663 664 661 
1 70 325 324 340 409 664 663 
5 71 326 175 344 410 665 514 
6 187 326 71 345 526 665 410 
13 175 326 187 352 514 665 526 
23 292 327 261 362 631 666 600 
31 210 327 292 370 549 666 631 
35 261 327 210 374 600 666 549 
26 285 329 262 365 624 668 601 
18 328 329 285 357 667 668 624 
23 262 329 328 362 601 668 667 
23 328 331 291 362 667 670 630 
18 330 331 328 357 669 670 667 
20 291 331 330 359 630 670 669 
44 98 332 251 383 437 671 590 
51 249 332 98 390 588 671 437 
53 251 332 249 392 590 671 588 
43 223 334 252 382 562 673 591 
36 333 334 223 375 672 673 562 
44 252 334 333 383 591 673 672 
44 333 335 97 383 672 674 436 
36 220 335 333 375 559 674 672 
49 97 335 220 388 436 674 559 
12 336 337 288 351 675 676 627 
20 330 337 336 359 669 676 675 
18 288 337 330 357 627 676 669 
12 289 338 182 351 628 677 521 
11 189 338 289 350 528 677 628 
3 182 338 189 342 521 677 528 
7 192 339 183 346 531 678 522 
20 336 339 192 359 675 678 531 
12 183 339 336 351 522 678 675 
