22.2123 6.032 0 
17.7877 6.032 0 
26.4204 7.3993 0 
13.5796 7.3993 0 
19.4407 8.2606 0 
22.949 8.7191 0 
30 10 0 
10 10 0 
17.5854 10.0308 0 
14.7543 11.3343 0 
25.1071 11.3631 0 
28.0287 11.9201 0 
20.2142 12.7262 0 
32.6007 13.5796 0 
7.3993 13.5796 0 
17.5825 13.5974 0 
10.4691 13.8776 0 
25.6463 14.1858 0 
15.4483 14.3283 0 
28.9791 14.3972 0 
20.2821 15.4184 0 
8.3354 16.1546 0 
25.9095 16.4106 0 
31.9327 16.5387 0 
17.7791 16.7318 0 
22.8529 16.7971 0 
11.575 17.0966 0 
33.968 17.7877 0 
6.032 17.7877 0 
14.008 18.0531 0 
29.2293 18.2489 0 
10.2479 19.3592 0 
19.1151 19.4162 0 
15.7885 19.8671 0 
23.6818 20.8452 0 
29.6851 21.1265 0 
14.2425 22.132 0 
33.968 22.2123 0 
6.032 22.2123 0 
10.7036 22.2367 0 
19.8219 22.7808 0 
22.3346 22.8201 0 
25.8579 22.9183 0 
28.2854 23.6556 0 
14.5938 25.1689 0 
9.8753 25.3086 0 
18.016 26.1062 0 
22.0307 26.126 0 
32.6007 26.4204 0 
7.3993 26.4204 0 
29.3131 26.9222 0 
11.5229 27.2686 0 
26.0254 27.4239 0 
22.2182 29.3534 0 
13.8652 29.569 0 
24.888 29.7927 0 
19.3406 29.8092 0 
10 30 0 
30 30 0 
16.9978 31.1154 0 
13.5796 32.6007 0 
26.4204 32.6007 0 
17.7877 33.968 0 
22.2123 33.968 0 
13.7224 31.0849 0 
15.2887 31.8581 0 
15.4315 30.3422 0 
14.8142 31.095 0 
22.5806 7.37555 0 
20.8265 7.1463 0 
21.1949 8.48985 0 
21.534 7.67057 0 
22.2152 31.6607 0 
23.5502 31.8803 0 
23.5531 29.5731 0 
23.1062 31.038 0 
20 33.968 0 
20.7764 31.8886 0 
18.5641 31.8886 0 
19.7802 32.5817 0 
11.7898 31.3004 0 
11.9326 29.7845 0 
12.4816 30.7232 0 
18.6783 27.9577 0 
17.5069 28.6108 0 
18.1692 30.4623 0 
18.1181 29.0103 0 
13.5116 15.7125 0 
12.9587 14.1029 0 
11.0221 15.4871 0 
12.4975 15.1008 0 
17.0322 22.4564 0 
17.8052 21.3239 0 
15.0155 20.9995 0 
16.6176 21.5933 0 
30.9569 26.6713 0 
30.443 25.038 0 
28.7993 25.2889 0 
30.0664 25.6661 0 
8.3678 22.2245 0 
7.95365 23.7604 0 
10.2894 23.7726 0 
8.8703 23.2525 0 
6.032 20 0 
8.13995 20.7858 0 
8.13995 18.5735 0 
7.4373 19.7864 0 
12.6941 28.4188 0 
14.2295 27.3689 0 
13.0584 26.2188 0 
13.3273 27.3355 0 
9.40225 15.0161 0 
9.9552 16.6256 0 
10.1265 15.7096 0 
12.1279 18.7062 0 
12.2452 20.7456 0 
14.1252 20.0926 0 
12.8328 19.8481 0 
10.4757 20.798 0 
8.9945 21.2694 0 
20.6856 27.9676 0 
20.0234 26.1161 0 
19.7958 27.3471 0 
20.7794 29.5813 0 
21.257 31.0435 0 
12.2345 25.2387 0 
12.6487 23.7028 0 
11.7242 24.2381 0 
10.7614 28.6343 0 
11.796 28.9459 0 
9.4611 26.8445 0 
8.69965 28.2102 0 
9.64073 27.8963 0 
33.968 20 0 
31.8266 19.4571 0 
31.8266 21.6694 0 
32.5404 20.3755 0 
28.2102 31.3004 0 
27.444 29.8963 0 
25.6542 31.1967 0 
27.1028 30.7978 0 
24.1218 28.3886 0 
24.0281 26.775 0 
22.1244 27.7397 0 
23.4248 27.6344 0 
24.3163 33.2844 0 
24.5069 32.1205 0 
25.4567 28.6083 0 
24.3772 28.8567 0 
28.0127 28.712 0 
26.9711 29.0722 0 
8.6373 25.8645 0 
6.71565 24.3163 0 
7.76887 24.6471 0 
12.4731 22.1844 0 
14.4182 23.6504 0 
13.18 23.1792 0 
10.6991 26.2886 0 
9.59917 26.3325 0 
8.69965 11.7898 0 
8.9342 13.7286 0 
10.2345 11.9388 0 
9.28947 12.4857 0 
11.7898 8.69965 0 
12.3772 10.6671 0 
14.1669 9.3668 0 
12.778 9.57787 0 
12.6117 12.6059 0 
11.7411 11.7373 0 
15.6837 6.71565 0 
15.5825 8.71505 0 
17.6866 8.0314 0 
16.3176 7.8207 0 
18.8998 11.3785 0 
19.8274 10.4934 0 
18.513 9.1457 0 
19.0801 10.3392 0 
24.3163 6.71565 0 
24.6847 8.0592 0 
23.8606 7.38347 0 
28.2102 8.69965 0 
27.2246 9.6597 0 
29.0144 10.96 0 
28.1497 9.77313 0 
22.6607 12.0447 0 
24.0281 10.0411 0 
21.5816 10.7226 0 
22.7568 10.9361 0 
25.7638 9.3812 0 
24.8255 9.1605 0 
31.3004 11.7898 0 
29.4896 12.1986 0 
30.7899 13.9884 0 
30.5266 12.6589 0 
18.4471 18.074 0 
16.7838 18.2995 0 
17.4518 19.6416 0 
17.5609 18.6717 0 
23.9443 24.5221 0 
25.9417 25.1711 0 
24.638 25.4894 0 
21.1965 28.4295 0 
19.6986 17.4173 0 
19.0306 16.0751 0 
19.0588 17.1888 0 
22.9303 13.456 0 
25.3767 12.7744 0 
23.6559 12.7584 0 
27.5436 20.5836 0 
26.4555 19.547 0 
24.7698 21.8817 0 
26.2563 20.6708 0 
11.7313 21.2426 0 
17.3927 32.5417 0 
18.042 31.6309 0 
15.6837 33.2844 0 
16.1217 32.5614 0 
15.9406 27.8376 0 
16.293 28.9302 0 
31.1429 23.7735 0 
33.2844 24.3163 0 
32.0846 23.2531 0 
27.7715 22.0224 0 
29.4572 19.6877 0 
28.2574 20.7646 0 
31.5986 18.0183 0 
30.9608 19.0544 0 
20.984 18.1067 0 
21.3985 20.1307 0 
23.2674 18.8211 0 
21.8833 19.0195 0 
24.0962 22.8692 0 
22.1826 24.4731 0 
23.4077 23.9548 0 
20.9263 24.4534 0 
18.9189 24.4435 0 
19.9562 25.0043 0 
17.584 11.8141 0 
18.8984 13.1618 0 
18.4607 12.1181 0 
16.1699 10.6825 0 
15.3064 9.58813 0 
30.4559 15.4679 0 
32.2667 15.0591 0 
31.1708 14.8385 0 
29.6565 28.4611 0 
31.3004 28.2102 0 
30.6379 27.7809 0 
27.6692 27.173 0 
28.4462 28.1154 0 
27.1554 25.5397 0 
27.0716 23.2869 0 
26.7229 24.6659 0 
30.581 17.3938 0 
29.1042 16.323 0 
30.047 16.3949 0 
33.2844 15.6837 0 
32.9504 17.1632 0 
32.8338 15.9687 0 
31.71 17.5251 0 
24.7957 18.6279 0 
24.3812 16.6039 0 
24.1481 18.0176 0 
23.0082 21.8327 0 
23.9581 22.1945 0 
20.7248 21.1181 0 
21.7105 21.0272 0 
15.1013 12.8313 0 
13.5572 13.1801 0 
12.7915 17.5748 0 
10.9114 18.2279 0 
11.9436 18.1696 0 
9.29165 17.7569 0 
7.1837 16.9712 0 
8.2051 17.7672 0 
16.1684 12.4658 0 
16.6407 11.6542 0 
18.9323 14.5079 0 
20.2482 14.0723 0 
19.3596 13.914 0 
15.8935 17.3925 0 
16.6137 15.53 0 
14.7281 16.1907 0 
15.7451 16.3711 0 
24.2496 15.4915 0 
21.5336 14.7616 0 
22.9045 14.5697 0 
26.8375 13.0529 0 
26.5679 11.6416 0 
26.2607 12.4897 0 
27.4443 15.4039 0 
27.5694 17.3297 0 
28.0393 16.3522 0 
13.6771 16.4927 0 
16.5154 13.9628 0 
15.9284 13.0867 0 
17.6808 15.1646 0 
16.9366 14.8858 0 
17.2079 23.9748 0 
16.3049 25.6376 0 
17.4772 24.6853 0 
19.4685 21.0985 0 
21.0782 22.8004 0 
20.4239 21.6724 0 
21.3957 23.909 0 
14.8983 18.9601 0 
14.6797 20.0174 0 
15.8585 18.2173 0 
18.2418 20.688 0 
10.0528 17.5368 0 
6.71565 15.6837 0 
7.86735 14.8671 0 
7.25557 15.8406 0 
8.7346 14.5373 0 
18.5479 15.2492 0 
21.5675 16.1077 0 
21.1164 14.9806 0 
20.75 17.2106 0 
16.2194 23.3606 0 
15.4917 26.948 0 
11.9973 25.9154 0 
18.6142 7.1463 0 
18.2713 8.1078 0 
20 6.032 0 
19.8136 6.77487 0 
20.868 9.90197 0 
26.2735 18.5016 0 
25.7779 15.2982 0 
24.8029 15.7978 0 
27.3127 14.2915 0 
26.845 14.9979 0 
27.8746 26.0006 0 
28.9853 22.391 0 
27.9428 22.5668 0 
30.1904 23.7342 0 
28.5039 13.1586 0 
27.5514 13.501 0 
26.5187 10.2275 0 
29.0026 12.1058 0 
22.2123 6.032 1 
17.7877 6.032 1 
26.4204 7.3993 1 
13.5796 7.3993 1 
19.4407 8.2606 1 
22.949 8.7191 1 
30 10 1 
10 10 1 
17.5854 10.0308 1 
14.7543 11.3343 1 
25.1071 11.3631 1 
28.0287 11.9201 1 
20.2142 12.7262 1 
32.6007 13.5796 1 
7.3993 13.5796 1 
17.5825 13.5974 1 
10.4691 13.8776 1 
25.6463 14.1858 1 
15.4483 14.3283 1 
28.9791 14.3972 1 
20.2821 15.4184 1 
8.3354 16.1546 1 
25.9095 16.4106 1 
31.9327 16.5387 1 
17.7791 16.7318 1 
22.8529 16.7971 1 
11.575 17.0966 1 
33.968 17.7877 1 
6.032 17.7877 1 
14.008 18.0531 1 
29.2293 18.2489 1 
10.2479 19.3592 1 
19.1151 19.4162 1 
15.7885 19.8671 1 
23.6818 20.8452 1 
29.6851 21.1265 1 
14.2425 22.132 1 
33.968 22.2123 1 
6.032 22.2123 1 
10.7036 22.2367 1 
19.8219 22.7808 1 
22.3346 22.8201 1 
25.8579 22.9183 1 
28.2854 23.6556 1 
14.5938 25.1689 1 
9.8753 25.3086 1 
18.016 26.1062 1 
22.0307 26.126 1 
32.6007 26.4204 1 
7.3993 26.4204 1 
29.3131 26.9222 1 
11.5229 27.2686 1 
26.0254 27.4239 1 
22.2182 29.3534 1 
13.8652 29.569 1 
24.888 29.7927 1 
19.3406 29.8092 1 
10 30 1 
30 30 1 
16.9978 31.1154 1 
13.5796 32.6007 1 
26.4204 32.6007 1 
17.7877 33.968 1 
22.2123 33.968 1 
13.7224 31.0849 1 
15.2887 31.8581 1 
15.4315 30.3422 1 
14.8142 31.095 1 
22.5806 7.37555 1 
20.8265 7.1463 1 
21.1949 8.48985 1 
21.534 7.67057 1 
22.2152 31.6607 1 
23.5502 31.8803 1 
23.5531 29.5731 1 
23.1062 31.038 1 
20 33.968 1 
20.7764 31.8886 1 
18.5641 31.8886 1 
19.7802 32.5817 1 
11.7898 31.3004 1 
11.9326 29.7845 1 
12.4816 30.7232 1 
18.6783 27.9577 1 
17.5069 28.6108 1 
18.1692 30.4623 1 
18.1181 29.0103 1 
13.5116 15.7125 1 
12.9587 14.1029 1 
11.0221 15.4871 1 
12.4975 15.1008 1 
17.0322 22.4564 1 
17.8052 21.3239 1 
15.0155 20.9995 1 
16.6176 21.5933 1 
30.9569 26.6713 1 
30.443 25.038 1 
28.7993 25.2889 1 
30.0664 25.6661 1 
8.3678 22.2245 1 
7.95365 23.7604 1 
10.2894 23.7726 1 
8.8703 23.2525 1 
6.032 20 1 
8.13995 20.7858 1 
8.13995 18.5735 1 
7.4373 19.7864 1 
12.6941 28.4188 1 
14.2295 27.3689 1 
13.0584 26.2188 1 
13.3273 27.3355 1 
9.40225 15.0161 1 
9.9552 16.6256 1 
10.1265 15.7096 1 
12.1279 18.7062 1 
12.2452 20.7456 1 
14.1252 20.0926 1 
12.8328 19.8481 1 
10.4757 20.798 1 
8.9945 21.2694 1 
20.6856 27.9676 1 
20.0234 26.1161 1 
19.7958 27.3471 1 
20.7794 29.5813 1 
21.257 31.0435 1 
12.2345 25.2387 1 
12.6487 23.7028 1 
11.7242 24.2381 1 
10.7614 28.6343 1 
11.796 28.9459 1 
9.4611 26.8445 1 
8.69965 28.2102 1 
9.64073 27.8963 1 
33.968 20 1 
31.8266 19.4571 1 
31.8266 21.6694 1 
32.5404 20.3755 1 
28.2102 31.3004 1 
27.444 29.8963 1 
25.6542 31.1967 1 
27.1028 30.7978 1 
24.1218 28.3886 1 
24.0281 26.775 1 
22.1244 27.7397 1 
23.4248 27.6344 1 
24.3163 33.2844 1 
24.5069 32.1205 1 
25.4567 28.6083 1 
24.3772 28.8567 1 
28.0127 28.712 1 
26.9711 29.0722 1 
8.6373 25.8645 1 
6.71565 24.3163 1 
7.76887 24.6471 1 
12.4731 22.1844 1 
14.4182 23.6504 1 
13.18 23.1792 1 
10.6991 26.2886 1 
9.59917 26.3325 1 
8.69965 11.7898 1 
8.9342 13.7286 1 
10.2345 11.9388 1 
9.28947 12.4857 1 
11.7898 8.69965 1 
12.3772 10.6671 1 
14.1669 9.3668 1 
12.778 9.57787 1 
12.6117 12.6059 1 
11.7411 11.7373 1 
15.6837 6.71565 1 
15.5825 8.71505 1 
17.6866 8.0314 1 
16.3176 7.8207 1 
18.8998 11.3785 1 
19.8274 10.4934 1 
18.513 9.1457 1 
19.0801 10.3392 1 
24.3163 6.71565 1 
24.6847 8.0592 1 
23.8606 7.38347 1 
28.2102 8.69965 1 
27.2246 9.6597 1 
29.0144 10.96 1 
28.1497 9.77313 1 
22.6607 12.0447 1 
24.0281 10.0411 1 
21.5816 10.7226 1 
22.7568 10.9361 1 
25.7638 9.3812 1 
24.8255 9.1605 1 
31.3004 11.7898 1 
29.4896 12.1986 1 
30.7899 13.9884 1 
30.5266 12.6589 1 
18.4471 18.074 1 
16.7838 18.2995 1 
17.4518 19.6416 1 
17.5609 18.6717 1 
23.9443 24.5221 1 
25.9417 25.1711 1 
24.638 25.4894 1 
21.1965 28.4295 1 
19.6986 17.4173 1 
19.0306 16.0751 1 
19.0588 17.1888 1 
22.9303 13.456 1 
25.3767 12.7744 1 
23.6559 12.7584 1 
27.5436 20.5836 1 
26.4555 19.547 1 
24.7698 21.8817 1 
26.2563 20.6708 1 
11.7313 21.2426 1 
17.3927 32.5417 1 
18.042 31.6309 1 
15.6837 33.2844 1 
16.1217 32.5614 1 
15.9406 27.8376 1 
16.293 28.9302 1 
31.1429 23.7735 1 
33.2844 24.3163 1 
32.0846 23.2531 1 
27.7715 22.0224 1 
29.4572 19.6877 1 
28.2574 20.7646 1 
31.5986 18.0183 1 
30.9608 19.0544 1 
20.984 18.1067 1 
21.3985 20.1307 1 
23.2674 18.8211 1 
21.8833 19.0195 1 
24.0962 22.8692 1 
22.1826 24.4731 1 
23.4077 23.9548 1 
20.9263 24.4534 1 
18.9189 24.4435 1 
19.9562 25.0043 1 
17.584 11.8141 1 
18.8984 13.1618 1 
18.4607 12.1181 1 
16.1699 10.6825 1 
15.3064 9.58813 1 
30.4559 15.4679 1 
32.2667 15.0591 1 
31.1708 14.8385 1 
29.6565 28.4611 1 
31.3004 28.2102 1 
30.6379 27.7809 1 
27.6692 27.173 1 
28.4462 28.1154 1 
27.1554 25.5397 1 
27.0716 23.2869 1 
26.7229 24.6659 1 
30.581 17.3938 1 
29.1042 16.323 1 
30.047 16.3949 1 
33.2844 15.6837 1 
32.9504 17.1632 1 
32.8338 15.9687 1 
31.71 17.5251 1 
24.7957 18.6279 1 
24.3812 16.6039 1 
24.1481 18.0176 1 
23.0082 21.8327 1 
23.9581 22.1945 1 
20.7248 21.1181 1 
21.7105 21.0272 1 
15.1013 12.8313 1 
13.5572 13.1801 1 
12.7915 17.5748 1 
10.9114 18.2279 1 
11.9436 18.1696 1 
9.29165 17.7569 1 
7.1837 16.9712 1 
8.2051 17.7672 1 
16.1684 12.4658 1 
16.6407 11.6542 1 
18.9323 14.5079 1 
20.2482 14.0723 1 
19.3596 13.914 1 
15.8935 17.3925 1 
16.6137 15.53 1 
14.7281 16.1907 1 
15.7451 16.3711 1 
24.2496 15.4915 1 
21.5336 14.7616 1 
22.9045 14.5697 1 
26.8375 13.0529 1 
26.5679 11.6416 1 
26.2607 12.4897 1 
27.4443 15.4039 1 
27.5694 17.3297 1 
28.0393 16.3522 1 
13.6771 16.4927 1 
16.5154 13.9628 1 
15.9284 13.0867 1 
17.6808 15.1646 1 
16.9366 14.8858 1 
17.2079 23.9748 1 
16.3049 25.6376 1 
17.4772 24.6853 1 
19.4685 21.0985 1 
21.0782 22.8004 1 
20.4239 21.6724 1 
21.3957 23.909 1 
14.8983 18.9601 1 
14.6797 20.0174 1 
15.8585 18.2173 1 
18.2418 20.688 1 
10.0528 17.5368 1 
6.71565 15.6837 1 
7.86735 14.8671 1 
7.25557 15.8406 1 
8.7346 14.5373 1 
18.5479 15.2492 1 
21.5675 16.1077 1 
21.1164 14.9806 1 
20.75 17.2106 1 
16.2194 23.3606 1 
15.4917 26.948 1 
11.9973 25.9154 1 
18.6142 7.1463 1 
18.2713 8.1078 1 
20 6.032 1 
19.8136 6.77487 1 
20.868 9.90197 1 
26.2735 18.5016 1 
25.7779 15.2982 1 
24.8029 15.7978 1 
27.3127 14.2915 1 
26.845 14.9979 1 
27.8746 26.0006 1 
28.9853 22.391 1 
27.9428 22.5668 1 
30.1904 23.7342 1 
28.5039 13.1586 1 
27.5514 13.501 1 
26.5187 10.2275 1 
29.0026 12.1058 1 
